	

    075678762819
    098787306910
    081227956394
    652637341485
    045778720811
    081227971151
    720841211310
    093624967910
    724384960612
    881034112439
    741157184716
    855579005280
    646920315215
    646920315215
    828768806210
    826853008914
    659123021814
    602537855919
    646315181616
    081227955809
    724384960612
    081227960803
    181229100716
    888430672512
    858824002393
    632662555811
    081227993788
    093624738619
    184923100235
    045778740819
    093624952176
    081227990701
    094638246619
    025218000215
    728706300810
    082839537414
    744861609919
    817949019471
    8718469538874
    600753600986
    811774021814
    5050580569737
    888072329867
    888750244611
    887254994015
    744861104919
    880882192518
    075597982947
    075597998689
    075597966916
    828765549714
    098787107418
    602547181480
    888430980914
    602547391070
    888430760110
    885686931462
    099923949619
    095081016712
    880882229818
    844185086653
    888837627719
    889176328992
    098787111514
    637801205237
    888750891419
    075678673542
    883870076210
    603497914821
    176601700714
    602517341296
    886974965817
    602547116178
    888072359758
    829421266303
    810874020505
    099923234012
    8436542010276
    8436539310518
    602547173218
    602547085603
    602537898978
    888072359734
    602537935390
    011105015516
    011105015516
    011105016711
    602537714100
    602537714100
    888072361522
    081227870614
    888072351165
    888072351271
    888837610315
    887654860316
    025218119016
    887654860712
    888072351271
    8436028696765
    821797137713
    821797137713
    887654076519
    025218621311
    888072351288
    888072361454
    602537743650
    602537782123
    602537937639
    602537782079
    888072370289
    025218843119
    5099972976715
    724349533110
    602547085627
    602547228178
    602537860685
    602547173102
    602537898992
    602537860739
    891817001928
    602547173256
    888750022318
    602537782048
    3700409812941
    8436028697052
    602547173034
    602537730735
    888072361492
    025218603911
    025218102414
    888072370258
    602547105219
    888072357761
    8436542011013
    725543362810
    602537860692
    602537730681
    602547105202
    602547173065
    602547085641
    602537712588
    602537899159
    602537781751
    602537782130
    689466687408
    886976805715
    602537782154
    8712177064199
    687480120215
    602537782116
    602537898985
    888072370227
    602537937677
    886973514214
    602537714148
    659457204211
    728706300810
    826257003119
    728706301213
    075678670633
    812814020132
    812814020132
    659123037914
    887654369611
    826257001115
    826257009616
    810874020505
    601215302714
    5099969423215
    5099969422515
    5099969330018
    5099969423918
    822720774210
    664425406610
    659123043113
    659123043113
    602537862672
    659123517416
    659123515610
    659123035316
    822720714612
    822720716210
    466922542170
    664425130218
    829357550316
    826257010414
    892038002404
    888750569813
    088561120818
    602547148612
    602517357044
    602498819029
    853044003328
    853044003533
    659457222918
    881034103628
    081227966638
    664425131116
    829357550217
    829357550613
    933747503315
    5055300373557
    789577734418
    728706300018
    602537982813
    602537645879
    606949028718
    606949062910
    887654009111
    602527409764
    602537978380
    602547240736
    602547240736
    602527154893
    603111944517
    603111958217
    034744146786
    075679414007
    856040005501
    860590050119
    819376011011
    664425126716
    989327002617
    989327002211
    659457224318
    664425404319
    664425404319
    602547128034
    764942146515
    664425602319
    040232116940
    040232117107
    040232117114
    040232117121
    659457215316
    659457212612
    822720714216
    187646000035
    706091107719
    801647120119
    706091107719
    659457206215
    659123029810
    731458639619
    602498611234
    181057000783
    857259002084
    693461238510
    664425603514
    602537356713
    602537356713
    602252786796
    602537356713
    659457235413
    602537945733
    602537945771
    090266316014
    659123036610
    602537945818
    602537192267
    075678827266
    829357550118
    707541731997
    724353644710
    659457220310
    989327002419
    602547140289
    659457206512
    826257008411
    829357009012
    659123515719
    822720700165
    822720710010
    822720710218
    822720710614
    822720716319
    822720716616
    881034938428
    5099747595912
    602517028319
    602517752788
    602547167422
    PLAID000195
    724354093210
    602547202086
    730082602914
    730082607216
    828765013314
    730082605311
    659457204310
    659457218126
    659457201715
    617401291281
    075596166119
    602537998647
    602547247551
    602537845255
    602517892750
    659457202514
    659457705114
    659457211011
    657459211619
    811790022970
    659123943017
    659123942911
    634904070519
    016581000414
    016581000612
    884385877569
    602517040953
    602527094694
    602517672581
    812814020088
    812814020064
    034744345677
    602537714346
    602537596164
    728706301015
    769413575917
    728706300216
    888750700612
    856040005020
    853435003647
    646315519815
    012414167910
    012414133113
    012414149015
    012414158710
    012414141811
    659123511711
    664425130911
    634904052911
    602527594934
    602498617410
    075678671692
    602517872813
    659123516617
    078636633619
    093624932345
    093624932345
    828766164510
    659457204211
    659457215811
    881034134608
    881034134585
    5026328000961
    5026328102566
    5026328002484
    605633632323
    605633632422
    880882196011
    853580005145
    853580005213
    853580005237
    5026328003092
    5026328000473
    605633628920
    605633632026
    659457203818
    823134001817
    5026328003078
    5026328303079
    659123060714
    825764009010
    5026328003009
    5026328002996
    888072322448
    825764501118
    PLAID007969
    825764600811
    825764400411
    825764400718
    825764601511
    656605885612
    656605828411
    656605834818
    825764101110
    656605845517
    825764101615
    825764101714
    825764102315
    825764102919
    825764103015
    825764103718
    825764103916
    825764104111
    825764104319
    825764104715
    825764105118
    825764105217
    825764105316
    825764105613
    825764105712
    825764106214
    825764602518
    825764602617
    825764602716
    825764602815
    825764603010
    825764603119
    825764603218
    PLAID021695
    PLAID021696
    PLAID021699
    844185064873
    PLAID011794
    PLAID011794
    PLAID006642
    PLAID006643
    PLAID006645
    PLAID006648
    858824002010
    PLAID006646
    844185064873
    600753454541
    050087310882
    888430760110
    081227993788
    084854241901
    018771924012
    602527980249
    856040005150
    795550010813
    602547232830
    050087313920
    802215200912
    602547196590
    075597956221
    887654499219
    634904015213
    075597958768
    5060065590927
    803415181216
    602537405152
    825646366453
    696998020719
    724596960813
    803415181117
    087169152634
    601091431010
    008817023519
    008817023519
    602547181497
    600753583609
    602498806555
    008817033310
    602537874422
    602517497337
    602547181480
    886973062418
    886974469919
    081159196479
    098787106114
    751097066713
    020286215158
    633757012912
    724381033210
    724384497811
    017046664417
    724384884819
    094638572213
    724389428766
    724389428766
    724359660011
    888750287717
    880882178710
    880882226718
    880882229818
    886973529010
    5099996715918
    045778724314
    045778707515
    045778715718
    602537287987
    634457569515
    810874020642
    075678672071
    075678677250
    075678762819
    644110002518
    644110002518
    081227968304
    801390015618
    801390021916
    600116120816
    801390031014
    600116121837
    801390024610
    790692212910
    824363022628
    602547266071
    801061024710
    801061937515
    852545003110
    852545003134
    673855025513
    602537521197
    673855038513
    673855028514
    093624945796
    801390030017
    887828031719
    652637344011
    093624943105
    852914001129
    634904158316
    746105017719
    746105026711
    075597983470
    602537127900
    602537535651
    602537330478
    696859945861
    656605780610
    098787104714
    844942041635
    8435008875152
    646315122916
    602547055347
    602547055347
    766511475989
    053436810613
    053436822319
    746105006416
    842803002719
    677967150217
    677967150217
    081227964269
    602547206596
    602547206589
    602547206602
    602547206619
    5099924279314
    5099924300810
    098787069013
    098787074512
    855579005099
    858275016017
    858275022117
    656605773117
    656605776316
    656605484013
    634904012915
    602537530908
    602537478545
    655173106518
    098787084511
    656605136417
    051907299035
    094638246619
    602537734535
    5099969942617
    602537734535
    094638246817
    094638241713
    094638241812
    094638246718
    602537825745
    094638247210
    094638242017
    094638241317
    602537825752
    094638246510
    094638241416
    602537825769
    634457676817
    829421309734
    829421264132
    602537649747
    602498878613
    602498640876
    602527057620
    600197005217
    600197005514
    744861094494
    744861029687
    744861036180
    744861031185
    744861105619
    600197004814
    602547166098
    746105035119
    767981105819
    616822017319
    767981112411
    656605135335
    646315124019
    656605130316
    025218150118
    5016958998585
    659457224615
    602537737048
    016581214019
    020286212904
    018861000718
    018861002316
    045778037131
    075597963335
    075597963335
    045778037117
    075597994087
    045778037919
    075597979381
    095081004412
    075597955552
    075597996715
    767981103211
    789577741515
    759718520910
    656605209012
    616892186847
    656605222011
    656605209012
    656605217512
    643157407799
    081227981655
    081227981662
    081227897611
    888072366282
    600753440377
    PRRTMR00173
    PRRTMR00181
    PRRTMR00155
    762182052917
    5055006551136
    098787094916
    098787075519
    098787082517
    751937302711
    675640915115
    817949012519
    090771527516
    817949018849
    825646141715
    5021392706160
    656605211510
    656605213514
    656605213415
    888750891419
    888072359833
    8436542014175
    025218855211
    090771508010
    090771504210
    825764604413
    813547020055
    888750309914
    603497914104
    823134002210
    646920315215
    600753423264
    646920318216
    602527176307
    5055300304377
    5055869507318
    5055869500517
    5055300317414
    5055300332646
    888750891419
    648401004618
    648401010312
    648401007213
    648401003215
    5060091557574
    801061814618
    801061813611
    801061813611
    801061805210
    801061806514
    801061810610
    801061023317
    801061818913
    886972139319
    886976394714
    887654369215
    880882182014
    602537972128
    015707826518
    602537975822
    664425406917
    889397104436
    602537975853
    8436542017862
    8436539310228
    889397103743
    696751141170
    888608665230
    886977798313
    823134003415
    823134003415
    823134001114
    823134002012
    075597951806
    857333003822
    095081007017
    095081008618
    634457618015
    095081013216
    095081012318
    817949010287
    829421810926
    767981102610
    767981101316
    780014208714
    673855054018
    045778036516
    697410000616
    646315519914
    697410000418
    880882223717
    880882223717
    888837627719
    886974965817
    886978142115
    036172005215
    036172005819
    045778738014
    036172005116
    781484033219
    781484045014
    781484055310
    656605226415
    656605224015
    673855030814
    673855048819
    673855034812
    803020167513
    886919612219
    601163001042
    746105064812
    075597980059
    616892244844
    5060186924298
    886974842118
    090771536112
    602537596386
    090771517906
    090771536211
    090771517616
    744861028604
    744861042600
    744861075400
    744861074304
    744861042709
    881034112682
    881034112422
    5060186927237
    5060186927237
    5055667601768
    881034112668
    881034121509
    881034122148
    881034122315
    656605025612
    607618019815
    098787308617
    5099909426610
    724356074514
    602547275288
    666561011215
    602547275288
    816651014033
    741157219814
    090771530714
    725543978417
    090771530615
    810599020361
    817424014427
    811774021937
    603111959313
    821826005082
    821826003002
    888837535212
    888608665643
    885686932162
    093624948513
    093624935070
    887254469810
    887254470113
    887254469919
    673855022017
    098787107111
    075678683985
    889397703356
    896308002187
    896308002170
    642014745524
    098787088014
    652637351019
    652637350913
    020286215554
    888430992214
    878037028218
    878037004212
    090771528216
    090771528216
    878037028140
    878037027747
    878037000917
    825646298815
    724352778317
    602527404066
    664425407112
    804297813813
    804297816012
    889397020538
    889397020521
    3481573625901
    3481574329358
    821797132916
    821797133012
    600753548448
    600753548424
    600753548431
    600753548479
    081227971663
    025218000215
    673855055015
    708527003299
    648401018516
    093652213317
    602547240842
    888750565518
    888837168618
    724384960612
    724384260910
    724356356214
    090771529114
    654436033417
    654436025214
    5060186927305
    5050466745217
    029667003315
    602527242040
    826853002615
    857223004151
    880882173012
    857223004014
    746105044814
    655173115213
    887828032617
    020286198338
    617465251818
    782861101316
    093624975304
    655173107515
    655173103210
    655173104712
    655173101117
    093624936589
    886919635119
    602547120090
    602537531776
    5099964272719
    5099921471018
    094635398410
    751937234418
    751937259411
    602547017192
    829421901822
    829421901822
    652637303810
    844185022415
    811772020710
    698268952003
    698268952003
    093652372014
    093624967330
    817949011550
    817949019471
    081227960797
    081227960803
    081227960759
    081227960780
    081227960773
    081227960834
    093624835011
    656605464817
    8436542011945
    673855036915
    664425406115
    8436542015769
    817424012638
    748731700713
    748731700812
    748731707910
    878037026863
    5060186923161
    081227955632
    5038622129613
    5038622130619
    5038622130411
    656605215013
    656605219615
    098787108316
    098787085914
    656605222813
    767981108117
    5060310150050
    602537394883
    767981149714
    767981142319
    762182115612
    675640912510
    644110028419
    644110026514
    858936003691
    093652368611
    045778705412
    045778716913
    723721171513
    045778729913
    045778739516
    788377110415
    603497911110
    659696308312
    602517456976
    602537347568
    098787095012
    008817030814
    607396500628
    880882218317
    607396500826
    880882196417
    5014797891906
    090771507013
    090771512413
    090771512314
    090771511010
    090771512215
    090771512116
    888750579614
    887254576013
    090771515612
    090771510815
    090771512017
    673855016412
    657481101810
    657481104217
    5414939905216
    659123512718
    803341226326
    878037027099
    416000336108
    780661134114
    803341226340
    803341226326
    656605031934
    656605031934
    4250506801700
    746105070417
    602537484614
    801061023119
    098787023411
    656605130415
    045778702312
    045778715510
    600064791212
    656605306117
    673855052519
    889211470884
    602547168740
    602537332595
    751937420606
    098787097016
    098787111514
    075678672019
    720841204312
    720841207511
    858275009019
    199640001116
    634457651616
    119964001814
    176601700714
    646920318018
    842803004218
    7392048714029
    889030011817
    098787111118
    093624425014
    093624952206
    093624945543
    093624973362
    093624952190
    093624952213
    093624952183
    093624952176
    093624967989
    093624929123
    098787077711
    093624929130
    098787088816
    601163044384
    098787071511
    602527847900
    602527091068
    602547244956
    602547272621
    602547272621
    880882212018
    801061025618
    801061019518
    801061023010
    098787087512
    656605609317
    888430878716
    646315516913
    888430900813
    886978449313
    886979832411
    886979832619
    886979832213
    634457224711
    656605222615
    656605222714
    656605225210
    5099995574516
    888837775816
    886978977212
    646315111415
    885686931851
    032862901218
    032862022715
    032862022210
    093624979357
    751937414216
    098787093513
    098787083019
    616892114840
    616892114840
    744861104919
    744861080718
    075678825316
    646315117318
    029667371216
    646315116113
    029667370219
    790377028515
    095081016712
    602527837147
    5052945018010
    705438042225
    656605023519
    659123045711
    603967158618
    603967135817
    602537911851
    603967153712
    602547115942
    602537208753
    731453002210
    656605216515
    603111944517
    603111958217
    657481104415
    657481104910
    098787112719
    075597954289
    744861601012
    602537776955
    878037000313
    098787109511
    666561008116
    666561011116
    724596961216
    648401020816
    603497911608
    724353113810
    602527939315
    602537085163
    651751122215
    651751122116
    821797243018
    081227954659
    081227978174
    081227978167
    081227978181
    081227978198
    098787308716
    098787308518
    767981114118
    767981113517
    767981113715
    093624979890
    093624604617
    093624761310
    093624986959
    093624679417
    093624986959
    093624960300
    748252257734
    819873011354
    652637320817
    801061022914
    827175012818
    656605466217
    075678684272
    075678825811
    812208013764
    753417006119
    753417003514
    655035083414
    655035085012
    655035112213
    803020165519
    643777201210
    746105022010
    067003104012
    602527501987
    5060257960538
    634457578715
    810874020789
    5099926793115
    724384815110
    888072342439
    724384417819
    5099926798219
    5099909506718
    724384062019
    793018338813
    746105006317
    888072359017
    025218411417
    098787106015
    098787091519
    767981101910
    720841210122
    720841212010
    720841212034
    659457503512
    098787113310
    659457503116
    060270157514
    887654197115
    886976239817
    077771631917
    888430598515
    8713748981587
    888430917811
    601811000618
    656605023014
    656605957319
    656605020716
    798295512109
    855579005280
    602517480254
    886919782318
    PLAID007956
    673855052311
    829732235715
    829732226713
    829732239119
    648401021813
    5099952057717
    603497913503
    887828031382
    090771531919
    883870066211
    883870076210
    616892254447
    664425403817
    829421146902
    748252905604
    888430999619
    602547198518
    602537158904
    3700398712000
    656605012315
    656605218014
    656605218014
    646315152517
    646315520415
    646315520415
    780661129219
    780661133315
    032862022715
    767981129617
    8436542015745
    887654040619
    602547211620
    744861061601
    656605466316
    744861054504
    744861106913
    098787071016
    098787080810
    098787060010
    036172613212
    098787063011
    602547326720
    881034121523
    881034112514
    881034112477
    804879315506
    696859946011
    794504799743
    829421324539
    886973533918
    646315124613
    889030012210
    889030012203
    644110018410
    644110023810
    655035131016
    789856124718
    602537909520
    602537864300
    602537862689
    634457685819
    644110019318
    825646139507
    612851022317
    603967154511
    602537495917
    844185086653
    602537495764
    656605025230
    842803008612
    829421693956
    822685658235
    PRRTMR00227
    181229100716
    044007501214
    8436542012003
    602517604131
    602537455270
    767981119311
    724353208813
    5099973154815
    5099973154815
    5099990986819
    753088004315
    5099969928611
    823134010116
    823134001213
    823134903210
    823134000414
    886979782518
    659457506810
    886977844218
    889397901288
    081227339517
    825646183906
    825646183937
    825646183920
    050087323134
    081227339418
    821797100373
    821797100373
    887254507710
    887254507710
    803341319240
    656605017518
    656605029511
    656605008431
    656605025018
    634904064716
    741360837669
    5060107721104
    5060107721104
    821797135719
    728028343786
    828765571210
    886971151312
    4050486109489
    602517077294
    602517077294
    045778034017
    045778034017
    633367911117
    633367910417
    633367910714
    888072309500
    889397315139
    029667108614
    008811164614
    5397102180132
    039841531718
    886976496814
    888837565417
    886979854512
    886979854611
    886979854819
    886979854710
    600753503843
    759718527414
    673855048611
    680899007511
    039841536119
    039841536010
    090771536419
    090771536419
    098787097610
    881034103802
    881034103789
    881034103796
    881034103819
    762181621817
    762181621817
    602537658244
    780661006411
    602537136599
    888750780010
    602547169822
    098787112313
    888072370814
    709363699318
    634457656215
    602537905928
    098787308914
    701237700625
    701237700724
    5060186923635
    886973267011
    886973984413
    886976508616
    888430545519
    886973984215
    886978480019
    829732213317
    829732222814
    829732219913
    829732222517
    829732222616
    829732222715
    825646327188
    829732225013
    784554805518
    081227955885
    081227965785
    081227966409
    081227964382
    081227965778
    081227965730
    081227966416
    081227965792
    081227955748
    081227955748
    081227965747
    081227955830
    5099994609318
    5099909115118
    603967155211
    602517953550
    602527610078
    801061023218
    656605612850
    659457234614
    826853639811
    656605408415
    888072350625
    5099973128014
    860830000195
    602537539857
    766930016114
    766930000113
    093652696912
    602537691968
    675640913517
    858275012019
    803020160811
    744302021911
    744302018812
    825646267637
    825646744398
    724596951019
    724596954515
    673855032313
    673855028019
    673855026015
    038153061517
    038153062019
    602547211699
    673855055510
    829732244816
    673855009117
    673855005515
    888072365018
    888430496217
    888837452915
    634457557420
    634457533516
    880882175313
    888072368644
    825646167036
    600753030523
    600753030523
    602517340800
    741157554113
    887834004813
    602547391070
    093624929376
    093624979098
    781676662210
    093624967910
    786626309429
    888750096319
    888750038616
    888430813519
    644110919717
    889326197171
    602537854363
    091037907738
    602547009418
    8713748982959
    886972797618
    886919760613
    827969511510
    696998529311
    PRRTMR00221
    886972797618
    081227965570
    9990206041468
    646315124217
    673855055510
    602527825908
    659457221911
    644918019619
    888072372504
    767981127910
    856115004637
    856115004613
    888072360303
    889397314330
    081227955939
    888430453319
    759718526813
    098787112016
    098787112016
    888837601511
    888430453210
    888174537948
    700261947518
    700261947525
    045778740819
    643859012017
    634457205215
    842803011117
    803238006512
    803238002118
    5414939921308
    017046752015
    017046751513
    081227988555
    823054015703
    762181074019
    762181658417
    762182053013
    PRRTMR00192
    811774020640
    091037447890
    076981144460
    767981144511
    767981144610
    767981144610
    888750491213
    886974628910
    828768613917
    767981144313
    696998712515
    767981149219
    PLAID006644
    098787107012
    677517010213
    656605014913
    075678683947
    780661129912
    637801205237
    637801205237
    811771010583
    060270159013
    616892251248
    081227971687
    602517976030
    081227960612
    081227959081
    081227990701
    888750684417
    081227990695
    855579005198
    081227990695
    855579005198
    045778720217
    045778686216
    673855048116
    652637221510
    652637250817
    652637293210
    652637280111
    652637240115
    673855040516
    673855046617
    673855052014
    673855045016
    817949010652
    655035047119
    075679938480
    075679938497
    673855051611
    098787070019
    098787002119
    098787055511
    858936003608
    093652357516
    664425404210
    664425404210
    8436542016322
    8436542014656
    892038002244
    892038002633
    810599020712
    744302020013
    744302022413
    825646909452
    825646909445
    825646350919
    825646568772
    825646121229
    825646865475
    825646912223
    602547316271
    093624955122
    093624955122
    656605610313
    093624933595
    093624933632
    708527011119
    709363698014
    880882159917
    708527008911
    708527008911
    602547191922
    602547191922
    880882160111
    880882162610
    659457233914
    659457231415
    659457231415
    659457231415
    602527574448
    5029432121317
    652637300314
    607618026011
    632662555316
    632662555118
    652637331516
    607618024116
    607618025212
    888837049313
    673855013619
    602537919048
    781484028710
    781484039013
    781484030317
    744861055112
    744861054009
    744861062110
    075597955989
    673855010311
    607396201211
    801061006112
    602527749921
    888837449519
    731452212610
    731452212610
    720642472712
    720642442517
    098787003413
    602547047250
    045778641017
    045778641017
    781676724710
    098787107418
    801061003616
    607618200718
    5051961073010
    892038002459
    892038002459
    673855034010
    888750244611
    602547274250
    644110008817
    644110020017
    644110006912
    644110026811
    644110016010
    032862010514
    644110910516
    644110029010
    644110007117
    644110024619
    644110010919
    644110011015
    644110011114
    644110020215
    644110007810
    741157155211
    859381011750
    656605218519
    656605218519
    656605211015
    880882180713
    880882204112
    656605224411
    780661127116
    8718469533589
    602537921034
    634457605114
    016351150325
    075678956218
    602537343454
    887828034512
    677517103618
    602547279286
    851372002846
    851372002761
    813547020048
    851372002464
    744861003809
    744861026006
    888750684110
    762181073814
    762181658219
    762182052818
    886978431110
    886974130215
    804879169413
    804879169413
    767981117713
    767981113814
    817949019440
    075678732423
    045778643714
    744861102816
    744861096412
    602537532346
    054645100014
    817949010737
    886974533016
    886976826116
    886973653913
    093624935773
    093624978350
    093624978367
    093624966784
    655173112311
    655173109410
    602537701063
    725543242815
    659123000130
    825084976221
    724359863511
    892038002183
    724384885311
    656605135014
    656605132518
    656605139319
    720841211617
    819162012604
    652637344011
    646315124415
    825646293285
    603497914814
    888750078810
    603497911844
    603497914821
    652637240610
    714753716612
    603111959412
    652637080315
    652637090512
    656605139913
    075597951981
    011661907515
    825646255900
    186535007834
    186535000569
    4260421920011
    602547083548
    802644880211
    802644880112
    673855022512
    731453918917
    075678683633
    075678731884
    794558021111
    602537794676
    098787059519
    616892156147
    801061015817
    822550001616
    880882175016
    081227991494
    883870069915
    075597952711
    093624933274
    014551471813
    652637350111
    602537836086
    801391800114
    744861104018
    093624986485
    7332233970953
    095081009318
    880882162313
    724382962618
    724385522918
    827565057672
    724352775316
    724358454314
    095081007710
    886976399115
    886976651817
    5099748102614
    5099748102614
    887654110817
    081227976675
    634904069216
    794504223866
    655035003412
    887828032013
    5034202027515
    744861080008
    616892264040
    093624738619
    093624814016
    081227956394
    081227956394
    888072341654
    886919580419
    5099969817212
    093624954163
    093624952220
    854579002541
    854579002060
    854579002428
    045778737017
    826853080019
    076742205911
    659123042611
    656605485713
    602527074696
    822976630315
    602537204694
    602537864836
    602527950891
    081227956004
    655035086019
    859707164153
    859704032400
    655173104118
    648401004717
    751097062814
    602498637326
    751097091210
    602537897421
    602498594933
    880893114028
    602537707317
    880882155711
    602537648443
    602537648214
    018771900313
    018771900412
    018771966715
    018771953913
    607396509713
    607396200511
    888750531018
    098787113419
    5099924303316
    825646278541
    718117673832
    858824002478
    602547116178
    602547115706
    602547118066
    602547118073
    602547116154
    602547117632
    602547118073
    602547107817
    634457623613
    093624933687
    093624933687
    602527147246
    044003612020
    886976056018
    878037028201
    823134003514
    823134003514
    794558026819
    880270293919
    655035006819
    759718522914
    725543632210
    093652261714
    889397104115
    634904947118
    829707955419
    829707955419
    790377002119
    790377031010
    842803009114
    842803003013
    708527004463
    656605483016
    656605482613
    098787094411
    655035006819
    850721006023
    081227988876
    878037017915
    098787104417
    098787104417
    803020168312
    780661122012
    601091409712
    601091073715
    825646285877
    825646263851
    673855035413
    673855047416
    823134003316
    602547137029
    673855032412
    098787062519
    PRRTMR00184
    886919267013
    098787055016
    098787070514
    602537429691
    803020167018
    634904060619
    634904061012
    634904060916
    886919147216
    888837610513
    748252907004
    794504787146
    762181977310
    888837332613
    098787067019
    8715511500094
    098787110517
    098787110012
    075678762093
    098787110814
    858275005011
    829732247213
    808720015812
    759718083415
    808720158212
    656605220819
    656605217413
    646315121513
    803415180417
    888430987418
    759656052481
    759656026918
    5099997855316
    5099967928910
    759656024617
    646315512717
    036172911615
    602537691708
    762189201516
    887654847010
    825646885619
    825646885633
    825646886579
    616822013717
    787996801810
    744861082934
    787996801711
    787996801919
    787996801315
    787996800516
    656605029917
    656605030012
    656605002415
    656605004013
    602537789818
    098787106510
    602547133557
    082839537414
    029667605717
    603497913145
    881626942215
    759718514612
    858275022216
    093624950097
    093624976431
    036172956517
    602537901906
    673855036519
    673855029511
    673855021515
    673855021119
    888750142818
    888750142412
    888750142511
    602537672325
    652637312317
    748252904409
    646315124514
    725543423115
    655037093312
    801061026417
    673855019512
    662102112519
    602547255228
    045778738113
    888750636317
    076732169315
    075678394317
    794504002874
    826853091510
    885686932575
    888750636317
    888750636317
    076732169315
    076732169315
    075678394317
    794504002874
    826853091510
    885686932575
    885686931271
    885686931271
    850721006054
    603111935614
    098787112412
    828765549714
    828767317717
    078636804514
    644110024817
    656605551012
    656605892610
    656605609911
    656605551814
    656605551814
    656605607719
    656605892610
    656605919614
    656605607511
    823134002616
    823134000612
    762182207522
    829707958618
    673855016313
    673855016313
    098787084610
    673855006017
    673855016511
    098787085211
    603967157116
    889176328992
    656605012513
    843930013548
    843930007103
    081227611118
    767981123813
    767981123219
    746105017610
    790692079117
    724101974113
    603111943510
    081227966652
    081227988418
    081227080211
    081227965549
    656605140018
    656605134017
    656605136813
    656605793115
    656605136813
    656605134819
    656605133911
    746105017610
    879198005728
    602537119967
    602547306777
    602547397317
    744861611219
    888072353824
    648401010213
    648401007411
    673855026213
    673855039213
    888837212410
    886919909814
    673855034416
    767981142210
    634457647510
    759718517118
    819162014660
    759718522211
    098787108415
    093624938989
    673855044415
    011661912717
    020286213147
    616822013212
    8718469537167
    020286216131
    5060186923659
    600753535592
    600753535691
    666561009915
    5050580611207
    8718469536627
    8718469536627
    829707511615
    616892257141
    603111957111
    603111939315
    811774020862
    888837416115
    887654785015
    603967144116
    045778738311
    634904047719
    634904057619
    781676726813
    720841212119
    603111989518
    614223105215
    614223102719
    612851595118
    020286214168
    888430980815
    664425405613
    886973356913
    829421908104
    829421918004
    886919522211
    789577585317
    789577691919
    789577727113
    789577624320
    794504674422
    888430639713
    8718469538874
    811774021814
    603111996714
    659457236014
    602537855919
    075678669637
    075678673542
    075678669637
    673855053813
    880882222710
    804297820811
    804297814513
    804297811314
    858824002393
    603111958811
    673855046518
    673855053516
    892038002336
    751937404217
    020286219279
    886919533514
    886919532210
    656605224619
    767981125015
    656605223216
    656605226217
    664425602111
    790692074914
    602517616745
    880882175610
    020286216308
    634904055615
    634904042912
    634904031817
    081227954932
    081227955267
    656605226613
    767981108315
    767981111810
    090771530417
    888072327931
    602547038678
    762189200014
    602537562473
    042282329011
    8013252900051
    725543283917
    724384491314
    020286125211
    602527906034
    656605226019
    744861093817
    744861099819
    744861088714
    081227995119
    656605223810
    656605223810
    656605215617
    886919678215
    888430980914
    652637322019
    081227980719
    767981122816
    767981123110
    767981123110
    644110028518
    810599020767
    767981123110
    656605031019
    656605019017
    098787094510
    098787105513
    184923100235
    5060186924045
    825646223800
    825646112951
    5060186926179
    825646127917
    634457555617
    696859946189
    767981113012
    673855054919
    093624937227
    600116512710
    600116999719
    760137504214
    646315514315
    646315514117
    646315514414
    821797139014
    821797139410
    821797139311
    825646147656
    790692080014
    PRRTMR00137
    093624944003
    093624959472
    886919599312
    093624995906
    093624959496
    093624959489
    887828030910
    826853060516
    889326072355
    045778738212
    045778713813
    045778697410
    602537156306
    602537156092
    602537156146
    602537156030
    075597998689
    075597982947
    045778715619
    045778734412
    075597982954
    075597982930
    081227649210
    075597981896
    075597966916
    075597958232
    075597979411
    817949017613
    817949016814
    817949016227
    888750876119
    602537918959
    878037027884
    802644887517
    602517341296
    646315181715
    707239006512
    856908004318
    790692215416
    821797100151
    821797100151
    766481270478
    5414939917851
    8435008888763
    602527210490
    029667100618
    644110921116
    825646135745
    036172093816
    790692074310
    790692075812
    793018351317
    093624978657
    093624976363
    744861006909
    696859946066
    634904020019
    075992722612
    858936003493
    093624978657
    767981125510
    767981129310
    767981138411
    824302383414
    829421900627
    824302385111
    824302385012
    648401022117
    888072374744
    602547264756
    888072377066
    050087324322
    888072370012
    888751172418
    888072370029
    602547281630
    715187900417
    093624926801
    889397020583
    602547408136
    744861106418
    081227954703
    081227954703
    817949011550
    098787114119
    825764604314
    817949019853
    098787114119
    825764604314
    652637340914
    602547294586
    652637341010
    081227955724
    696859945977
    696859946011
    044003612020
    602547397317
    652637341119
    652637340815
    5055300386151
    889397020576
    829421866305
    602547206572
    880882233419
    673855052717
    673855052724
    098787113778
    075597949773
    029667008778
    886978176073
    858275024012
    090771725615
    098787007374
    098787077476
    029667008778
    606590074973
    659123042826
    825646157310
    075678766916
    825646183395
    825646306077
    825646116157
    032862902475
    826853452076
    825764170574
    659457503017
    659123516013
    886973697672
    744626992911
    119964002316
    711574709670
    050087323196
    888837212410
    600116120915
    015707846813
    825646152339
    819162018569
    850721006054
    5026328000503
    602547181497
    081227994891
    826257008411
    825646223800
    602527906034
    889211322367
    888750891426
    075678762758
    883870076227
    602517229679
    886974965824
    731453462625
    880882226725
    888837627726
    889176328992
    889176328992
    098787111521
    889211322367
    825764603317
    656605226811
    656605032030
    804297824314
    825764603416
    817949011765
    656605609942
    767981123721
    888837118224
    731451115622
    731453125124
    886974965824
    600116511829
    817949019488
    042282625625
    603497913824
    664140061323
    606949304522
    767981138428
    888072375161
    044007702024
    886972266527
    053436822326
    044007702024
    602547191939
    602547191939
    044006402222
    731453462625
    720642462928
    731453463028
    616892273844
    731453126220
    093624814023
    075678833328
    656605223223
    093624814122
    759656026925
    075992718523
    075597966923
    602537995325
    720841210115
    5050580597945
    701237206127
    810599020729
    075992511025
    606949304522
    656605226224
    076732625323
    720642462928
    093624590125
    076732625323
    731453463028
    636551004824
    008811205621
    656605484020
    656605134024
    656605136820
    656605140025
    656605223827
    817949010577
    075597998795
    075597955545
    888430980921
    888430154421
    656605215020
    656605609928
    817949014025
    032862022722
    032862022227
    656605211527
    600116997227
    825646285907
    767981129327
    656605607726
    888430154421
    656605213521
    696859945977
    894232334527
    888750891426
    715187749429
    720642500729
    731452735126
    075678762758
    656605025629
    817949016425
    817949016425
    656605773124
    656605211527
    817949011567
    081227981952
    887828031726
    PRRLAZYDAYS
    827969284322
    075678762758
    036172949526
    767981144429
    793018289627
    075596052122
    075597981438
    075597981438
    606949028725
    078636810126
    602527375380
    748252907103
    748252907103
    886919838428
    036172951529
    603497914999
    673855038520
    081227964597
    673855035420
    812814020057
    720841212027
    767981149226
    804297814520
    602498639238
    892038002237
    075597996920
    602527375380
    008811191726
    008811191726
    075678684289
    045778037926
    731453125223
    602537159048
    766929998728
    036172943623
    044006402123
    5054429000191
    656605032221
    601215949926
    093624978992
    093624590125
    093624590125
    020286219972
    045778037124
    045778739820
    673855032429
    606949339326
    075678684289
    075678684289
    093624978992
    081227193324
    767981125527
    766930018224
    603497914968
    093624925996
    883870076227
    883870066228
    883870066228
    081227981938
    887828031726
    601215336429
    045778725120
    032862020728
    020286219972
    656605609928
    075596052122
    759656026925
    766929998728
    600116999726
    656605222820
    600116512727
    093624728221
    656605213422
    600116610225
    075597966923
    075992732727
    720616257628
    880882226725
    731452735928
    731452735928
    766930018224
    823134000520
    823134000421
    823134001527
    823134000728
    823134002227
    823134003125
    823134003521
    823134002920
    823134000629
    823134000223
    731453462328
    093624957409
    823134000124
    823134003224
    823134001923
    603497914975
    823134002425
    602498001363
    602547270917
    673855054926
    886977276828
    081227266721
    655035006826
    008811188627
    008811188627
    081227971915
    081227976538
    081227976538
    044006402123
    044006402123
    603497914951
    603497914982
    886919863628
    886919863628
    810599020729
    045778738120
    081227991975
    081227095222
    822685321450
    744861105626
    661278233127
    731452823625
    025218633529
    823765000128
    701237203225
    724352190508
    724352190508
    098787074529
    081227976538
    731453463127
    656605032221
    008811059422
    602537065189
    886978991423
    886978991423
    602498804223
    008811188627
    008811188627
    098787069020
    081227974183
    731452735829
    077778140924
    077778140924
    823765000128
    823765000128
    093624814023
    093624814023
    720616257628
    093624687627
    093624687627
    081227580322
    075597981438
    724352190003
    731452735126
    081227580322
    093624705826
    081227998127
    731453462427
    720642500729
    720642500729
    5050580611184
    602517132542
    008811205621
    886973278123
    008811191726
    008811219123
    827969284421
    644110914521
    606949028725
    606949028725
    673855052526
    731454890427
    081227976538
    093624959014
    878037027877
    731453462922
    603497915033
    600116121127
    720642497524
    075992511025
    659123036627
    892038002619
    766929998728
    827969284421
    098787061024
    858275022124
    888430154421
    081227095222
    602547236067
    858275016024
    088561183721
    181057000745
    731453463325
    075678826559
    602527514161
    036172956524
    886919678222
    093624926979
    093624966319
    093624966319
    602537649754
    075678731921
    858275004717
    823054015901
    016581198173
    016581198173
    810874020895
    803415817917
    803415817917
    5060091557369
    810874020895
    708527003374
    708527003305
    656605026978
    744861108177
    744861108177
    744861108177
    811774021739
    889030013675
    889030013675
    822720705061
    889030013675
    078635327571
    PLAID011069
    PLAID004989
    656605219578
    PLAID010372
    PLAID010373
    659457703714
    659457703714
    081227955106
    PLAID010341
    PLAID010340
    656605025971
    098787077476
    655035084473
    893409002061
    075678683978
    PLAID013816
    656605015477
    PLAID010371
    606590074973
    813547020017
    PLAID011070
    PLAID011072
    673855037677
    PLAID011071
    PLAID011068
    PLAID011067
    PLAID011073
    656605023977
    PLAID010345
    075678669859
    878037027501
    PLAID017272
    PLAID017274
    054391973818
    881034111753
    881034111722
    881034111791
    881034111807
    881034111838
    881034111821
    881034111715
    881034111869
    602537862535
    PRRCWR00001
    PRRCWR00001
    602537038152
    883870074476
    858275004717
    084854299575
    655035084978
    888837747578
    888072362352
    020286215622
    888837045674
    744861104674
    794504828207
    880882205416
    824302122174
    767981144672
    767981144672
    767981144573
    767981144573
    888072362369
    744861605973
    888430341777
    054391976178
    886919373271
    098787109474
    656605025773
    886977297274
    656605025773
    616948910471
    881034111876
    881034111814
    881034111883

